15 15

1 8 32 128 512 2048 8192 32768 131072 524288 2097152 8388608 33554432 134217728 536870912
0 16 128 512 2048 8192 32768 131072 524288 2097152 8388608 33554432 134217728 536870912 2147483648
0 0 256 2048 8192 32768 131072 524288 2097152 8388608 33554432 134217728 536870912 2147483648 8589934592
0 0 0 4096 32768 131072 524288 2097152 8388608 33554432 134217728 536870912 2147483648 8589934592 34359738368
0 0 0 0 65536 524288 2097152 8388608 33554432 134217728 536870912 2147483648 8589934592 34359738368 137438953472
0 0 0 0 0 1048576 8388608 33554432 134217728 536870912 2147483648 8589934592 34359738368 137438953472 549755813888
0 0 0 0 0 0 16777216 134217728 536870912 2147483648 8589934592 34359738368 137438953472 549755813888 2199023255552
0 0 0 0 0 0 0 268435456 2147483648 8589934592 34359738368 137438953472 549755813888 2199023255552 8796093022208
0 0 0 0 0 0 0 0 4294967296 34359738368 137438953472 549755813888 2199023255552 8796093022208 35184372088832
0 0 0 0 0 0 0 0 0 68719476736 549755813888 2199023255552 8796093022208 35184372088832 140737488355328
0 0 0 0 0 0 0 0 0 0 1099511627776 8796093022208 35184372088832 140737488355328 562949953421312
0 0 0 0 0 0 0 0 0 0 0 17592186044416 140737488355328 562949953421312 2251799813685248
0 0 0 0 0 0 0 0 0 0 0 0 281474976710656 2251799813685248 9007199254740992
0 0 0 0 0 0 0 0 0 0 0 0 0 4503599627370496 36028797018963968
0 0 0 0 0 0 0 0 0 0 0 0 0 0 72057594037927936

1 0 0 0 0 0 0 0 0 0 0 0 0 0 0
8 16 0 0 0 0 0 0 0 0 0 0 0 0 0
32 128 256 0 0 0 0 0 0 0 0 0 0 0 0
128 512 2048 4096 0 0 0 0 0 0 0 0 0 0 0
512 2048 8192 32768 65536 0 0 0 0 0 0 0 0 0 0
2048 8192 32768 131072 524288 1048576 0 0 0 0 0 0 0 0 0
8192 32768 131072 524288 2097152 8388608 16777216 0 0 0 0 0 0 0 0
32768 131072 524288 2097152 8388608 33554432 134217728 268435456 0 0 0 0 0 0 0
131072 524288 2097152 8388608 33554432 134217728 536870912 2147483648 4294967296 0 0 0 0 0 0
524288 2097152 8388608 33554432 134217728 536870912 2147483648 8589934592 34359738368 68719476736 0 0 0 0 0
2097152 8388608 33554432 134217728 536870912 2147483648 8589934592 34359738368 137438953472 549755813888 1099511627776 0 0 0 0
8388608 33554432 134217728 536870912 2147483648 8589934592 34359738368 137438953472 549755813888 2199023255552 8796093022208 17592186044416 0 0 0
33554432 134217728 536870912 2147483648 8589934592 34359738368 137438953472 549755813888 2199023255552 8796093022208 35184372088832 140737488355328 281474976710656 0 0
134217728 536870912 2147483648 8589934592 34359738368 137438953472 549755813888 2199023255552 8796093022208 35184372088832 140737488355328 562949953421312 2251799813685248 4503599627370496 0
536870912 2147483648 8589934592 34359738368 137438953472 549755813888 2199023255552 8796093022208 35184372088832 140737488355328 562949953421312 2251799813685248 9007199254740992 36028797018963968 72057594037927936
